0.026271
0.026271
0.026271
0.026271
0.026271
0.026271
0.026271
0.026271
0.025544723
0.026158985
0.02560521
0.025934173
0.025763566
0.026271
0.026271
0.026271
0.026271
0.026271
0.026271
0.026271
0.026271
0.026271
0.026271
0.026271
0.026271
0.026271
0.026271
0.026271
0.026271
0.026271
0.026271
0.026271
0.026271
0.026271
0.026004018
0.02603501
0.025228072
0.026158985
0.025686286
0.026271
0.026271
0.026271
0.026271
0.026271
0.026271
0.026271
0.026271
0.026271
0.026271
0.026271
0.026271
0.026271
0.026271
0.026271
0.026271
0.026271
0.026271
0.026271
0.026271
0.026271
0.026271
0.026271
0.025922941
0.022860458
0.011306672
-0.003527427
0.0021241922
0.012062815
0.026271
0.026271
0.026271
0.026271
0.026271
0.026271
0.026271
0.026271
0.026271
0.026271
0.026271
0.026271
0.026271
0.026271
0.026271
0.026271
0.026271
0.026271
0.026271
0.026271
0.01784233
-0.047474973
-0.13351616
-0.21295126
-0.17789784
-0.09158802
0.026271
0.026271
0.026271
0.026271
0.026271
0.026271
0.026271
0.026271
0.026271
0.026271
0.026271
0.026271
0.026271
0.026271
0.026271
0.026271
0.026271
0.026271
0.026271
0.015649805
-0.10325134
-0.29151922
-0.4340303
-0.50233996
-0.33304155
-0.19341342
0.026271
0.026271
0.026271
0.026271
0.026271
0.026271
0.026271
0.026271
0.026271
0.026271
0.026271
0.026271
0.026271
0.026271
0.026271
0.026271
0.026271
0.022703577
-0.0026569795
-0.1667519
-0.3334452
-0.5041698
-0.6081421
-0.615735
-0.43424672
-0.22997276
0.026271
0.026271
0.026271
0.026271
0.026271
0.026271
0.026271
0.026271
0.026271
0.026271
0.026271
0.026271
0.026271
0.026271
0.026271
0.026271
0.01816322
-0.056151144
-0.244307
-0.40340996
-0.51421374
-0.50667435
-0.5535123
-0.53581226
-0.42505753
-0.2091164
0.026271
0.026271
0.026271
0.026271
0.026271
0.026271
0.026271
0.026271
0.026271
0.026271
0.026271
0.026271
0.026271
0.026271
0.026189923
0.01409681
-0.11217561
-0.3056444
-0.46678078
-0.523327
-0.42159504
-0.32763213
-0.41965133
-0.466075
-0.41098148
-0.187851
0.026271
0.026271
0.026271
0.026271
0.026271
0.026271
0.026271
0.026271
0.026271
0.026271
0.026271
0.026271
0.026271
0.026271
0.025544723
-0.081093736
-0.1817851
-0.394001
-0.49165398
-0.34155393
-0.19960384
-0.16921882
-0.33052677
-0.44740528
-0.40013576
-0.1652166
0.026271
0.026271
0.026271
0.026271
0.026271
0.026271
0.026271
0.026271
0.026271
0.026271
0.026271
0.026271
0.026271
0.026271
0.026004018
-0.02383859
-0.19662419
-0.223814
-0.24836688
-0.13616289
-0.024958748
-0.113902956
-0.3185416
-0.45621955
-0.39003068
-0.1445024
0.026271
0.026271
0.026271
0.026271
0.026271
0.026271
0.026271
0.026271
0.026271
0.026271
0.026271
0.026271
0.026271
0.026271
0.026271
0.022266265
-0.029758032
-0.047321416
-0.056782708
-0.003494149
0.026271
-0.13102321
-0.3307286
-0.46956253
-0.38020766
-0.12515326
0.026271
0.026271
0.026271
0.026271
0.026271
0.026271
0.026271
0.026271
0.026271
0.026271
0.026271
0.026271
0.026271
0.026271
0.026271
0.026271
0.024936087
0.025091048
0.024687748
0.026271
0.026271
-0.14771974
-0.34080905
-0.46973586
-0.36222076
-0.09537853
0.026271
0.026271
0.026271
0.026271
0.026271
0.026271
0.026271
0.026271
0.026271
0.026271
0.025934173
0.025763566
0.026271
0.026271
0.026271
0.026271
0.026271
0.026271
0.026271
0.026271
0.026271
-0.1596393
-0.34653318
-0.4571513
-0.3430928
-0.05825343
0.026271
0.026271
0.026271
0.026271
0.026271
0.026271
0.026271
0.026271
0.026271
0.026271
0.026158985
0.025686286
0.026271
0.026271
0.026271
0.026271
0.026271
0.026271
0.026271
0.026271
0.026271
-0.1760915
-0.35617125
-0.45322967
-0.3289963
-0.027872398
0.026271
0.026271
0.026271
0.026271
0.026271
0.026271
0.026271
0.026271
0.026271
0.026271
0.025527574
0.02595435
0.026271
0.026271
0.026271
0.026271
0.026271
0.026271
0.026271
0.026271
0.026271
-0.19596311
-0.3665036
-0.45772475
-0.3256976
-0.014855806
0.026271
0.026271
0.026271
0.026271
0.026271
0.026271
0.026271
0.026271
0.026271
0.026271
0.025178852
0.026271
0.026271
0.026271
0.026271
0.026271
0.026271
0.026271
0.026271
0.026271
0.026271
-0.20035015
-0.36393058
-0.45039278
-0.32606375
-0.02269078
0.026271
0.026271
0.026271
0.026271
0.026271
0.026271
0.026271
0.026271
0.026271
0.026271
0.025369637
0.026271
0.026271
0.026271
0.026271
0.026271
0.026271
0.026271
0.026271
0.026271
0.026271
-0.18326755
-0.35415035
-0.45349354
-0.32908952
-0.042122446
0.026271
0.026271
0.026271
0.026271
0.026271
0.026271
0.026271
0.026271
0.026271
0.026271
0.02595435
0.026271
0.026271
0.026271
0.026271
0.026271
0.026271
0.026271
0.026271
0.026271
0.026271
-0.1766133
-0.34460604
-0.45514
-0.33911943
-0.0632381
0.026271
0.026271
0.026271
0.026271
0.026271
0.026271
0.026271
0.026271
0.026271
0.026271
0.026189923
0.025934173
0.025763566
0.026271
0.026271
0.023352198
0.009280518
-0.015692703
-0.0209289
-0.0060339123
0.00768405
-0.1733833
-0.33924162
-0.4533503
-0.34639567
-0.079331964
0.026271
0.026271
0.026271
0.026271
0.026271
0.026271
0.026271
0.026271
0.026271
0.026271
0.025544723
0.026158985
0.025686286
0.026271
0.024487289
-0.026743896
-0.13361
-0.2589094
-0.26488167
-0.24145426
-0.21963435
-0.3705566
-0.4840619
-0.50860965
-0.4138267
-0.2154654
-0.121344715
-0.123933226
-0.12925455
-0.1323887
-0.11938277
-0.066729546
0.016122296
0.026271
0.026271
0.026271
0.025496583
0.02603501
0.02595435
0.026271
0.008833488
-0.1851465
-0.32713282
-0.5799004
-0.58969593
-0.5735586
-0.5603215
-0.59624547
-0.65302634
-0.6510569
-0.57406354
-0.46132386
-0.40733123
-0.41342002
-0.41723347
-0.4203804
-0.28986287
-0.1839398
0.006965203
0.026271
0.026271
0.026271
0.025686286
0.026271
0.026271
0.026189923
0.0069875587
-0.21546927
-0.31657422
-0.5156175
-0.5252802
-0.53253293
-0.5493664
-0.57908493
-0.61851966
-0.62729865
-0.5886113
-0.5159152
-0.49725747
-0.49928647
-0.49555922
-0.47793925
-0.28903836
-0.18909407
0.009137547
0.026271
0.026271
0.026271
0.02595435
0.026271
0.026189923
0.025207894
0.020845866
-0.04103543
-0.099260196
-0.16981162
-0.18374196
-0.20176062
-0.23718016
-0.29255497
-0.34294534
-0.32188505
-0.32862502
-0.27848792
-0.27145386
-0.26681465
-0.25026673
-0.24901886
-0.14002298
-0.082074136
0.019182388
0.026271
0.026271
0.026271
0.026271
0.026271
0.025544723
0.025892003
0.025450297
0.02595435
0.026271
0.026271
0.022266265
0.013119778
-0.0051292144
-0.032946672
-0.063925415
-0.06917351
-0.06443856
-0.043452978
-0.04290037
-0.039410554
-0.031189688
-0.028450746
-0.008893352
0.0037948024
0.025004398
0.026271
0.026271
0.026271
0.026271
0.026271
0.026004018
0.02603501
0.02595435
0.026271
0.026271
0.026271
0.026271
0.026271
0.026271
0.026271
0.026271
0.026271
0.026271
0.026271
0.026271
0.026271
0.026271
0.026271
0.026271
0.026271
0.026271
0.026271
0.026271
0.026271
0.026271
0.026271
0.026271
0.026271
0.026271
0.026189923
0.025853094
0.025345659
0.025345659
0.025345659
0.025345659
0.025345659
0.025345659
0.025345659
0.025345659
0.025345659
0.025426738
0.025763566
0.026271
0.026271
0.026271
0.026271
0.026271
0.026271
0.026271
0.026271
