0.026271
0.026271
0.026271
0.026271
0.026158985
0.026158985
0.026271
0.026271
0.026271
0.026271
0.026271
0.026271
0.026271
0.026271
0.026271
0.026271
0.026271
0.026271
0.025922941
0.011306672
0.012062815
0.026271
0.026271
0.026271
0.026271
0.026271
0.026271
0.026271
0.026271
0.026271
0.026271
-0.10325134
-0.4340303
-0.19341342
0.026271
0.026271
0.026271
0.026271
0.026271
0.026271
0.026271
0.026271
0.01816322
-0.244307
-0.32763213
-0.41965133
-0.187851
0.026271
0.026271
0.026271
0.026271
0.026271
0.026271
0.026271
0.026004018
-0.1817851
-0.13616289
-0.024958748
-0.3185416
-0.1445024
0.026271
0.026271
0.026271
0.026271
0.026271
0.026271
0.026271
0.026271
0.025091048
0.026271
0.026271
-0.3307286
-0.09537853
0.026271
0.026271
0.026271
0.026271
0.026271
0.026158985
0.026271
0.026271
0.026271
0.026271
0.026271
-0.34653318
-0.027872398
0.026271
0.026271
0.026271
0.026271
0.026271
0.026271
0.026271
0.026271
0.026271
0.026271
0.026271
-0.36393058
-0.014855806
0.026271
0.026271
0.026271
0.026271
0.026271
0.026271
0.026271
0.026271
0.026271
0.026271
0.026271
-0.34460604
-0.042122446
0.026271
0.026271
0.026271
0.026271
0.026271
0.026189923
0.026271
0.026271
0.009280518
-0.0060339123
0.00768405
-0.33924162
-0.079331964
0.026271
0.026271
0.026271
0.026271
0.026271
0.026271
0.026271
0.008833488
-0.31657422
-0.5252802
-0.5493664
-0.61851966
-0.46132386
-0.40733123
-0.41723347
-0.1839398
0.026271
0.026271
0.026271
0.026189923
0.02595435
0.026271
0.022266265
-0.0051292144
-0.063925415
-0.043452978
-0.039410554
-0.028450746
0.0037948024
0.026271
0.026271
0.026271
0.026271
0.026271
0.026271
0.026271
0.026271
0.026271
0.026271
0.026271
0.026271
0.026271
0.026271
0.026271
